01271
01283
01226
01705
01731
02990
01745
04218
04553
03710
00862
00669
00955
00797
02903
01852
04910
01185
00055
01661
02599
02607
03650
03794
04627
02276
04933
01659
03296
01923
00887
00885
01268
00964
01167
00168
00340
00372
00585
01127
01218
01315
01369
01404
01492
01579
01598
01638
01643
01713
01741
01772
02180
02645
02678
03409
03547
03727
04320
04346
04431
04686
00061
00129
00204
00265
00278
00447
00707
00773
00827
00838
00888
01180
01233
01273
01287
01316
01342
01572
01593
01599
01644
01700
01842
02019
02041
02173
02202
02193
02281
02376
02488
02605
02733
02758
02927
03129
03305
03418
03574
03615
03673
03705
03762
03937
03936
03963
04122
04210
04246
04406
04435
04571
04624
04646
04719
04742
04778
04789
04823
00066
00289
00836
01795
02078
02773
02937
03621
03866
03883
04088
04204
04250
04673
04822
04915
00922
01562
01822
02125
04430
00283
00751
00748
00926
01123
01535
01577
01785
02408
02832
03048
03085
03265
03344
03827
03907
04027
04089
04208
04211
04266
04573
04366
04631
04760
04957
04964
04977
00128
03746
04875
00001
01735
02190
00576
01538
04283
04468
04223
03374
04046
03855
00948
00063
04500
04058
03480
00895
00606
04209
03874
03005
01161
00708
01092
00790
01163
02945
03364
01673
00672
01067
02697
01125
01925
00728
01392
01053
00198
04552
00762
01079
01773
01074
02306
02326
03010
02503
04566
00689
02584
04167
04071
01698
00664
03684
02056
01380
04121
02973
02718
03329
00681
00667
02007
00659
00690
04284
00059
00750
01888
01058
00338
02734
00781
00712
01085
00178
00269
01422
01755
02889
02920
03772
02272
02108
03075
03054
04912
04187
04191
01362
03041
04788
00654
02319
04130
03337
04948
03160
03455
02993
